2.083333333333333218e-02 2.083333333333333218e-02 2.083333333333333218e-02 2.083333333333333218e-02 2.083333333333333218e-02 2.083333333333333218e-02 2.083333333333333218e-02 1.875000000000000000e-01 2.083333333333333218e-02 2.083333333333333218e-02 2.083333333333333218e-02 2.083333333333333218e-02 2.083333333333333218e-02 1.041666666666666713e-01 2.708333333333333148e-01 2.083333333333333218e-02 2.083333333333333218e-02 2.083333333333333218e-02 1.041666666666666713e-01 2.083333333333333218e-02
2.272727272727272617e-03 9.318181818181818510e-02 6.590909090909090329e-02 2.272727272727272617e-03 3.863636363636363535e-02 2.272727272727272617e-03 2.045454545454545442e-02 1.136363636363636395e-02 5.568181818181817677e-01 2.045454545454545442e-02 2.272727272727272617e-03 3.863636363636363535e-02 5.681818181818181629e-02 4.772727272727272929e-02 2.272727272727272617e-03 2.272727272727272617e-03 2.272727272727272617e-03 2.272727272727272617e-03 2.954545454545454489e-02 2.272727272727272617e-03
1.086956521739130405e-02 1.086956521739130405e-02 5.434782608695652023e-02 1.086956521739130405e-02 1.413043478260869457e-01 1.086956521739130405e-02 1.086956521739130405e-02 1.086956521739130405e-02 1.086956521739130405e-02 1.086956521739130405e-02 1.086956521739130405e-02 1.086956521739130405e-02 1.086956521739130405e-02 1.086956521739130405e-02 1.847826086956521618e-01 1.086956521739130405e-02 4.456521739130434590e-01 1.086956521739130405e-02 1.086956521739130405e-02 1.086956521739130405e-02
3.571428571428571230e-02 7.142857142857142634e-03 7.142857142857142634e-03 3.571428571428571230e-02 7.142857142857142634e-03 3.571428571428571230e-02 6.428571428571427937e-02 1.214285714285714274e-01 6.428571428571427937e-02 7.142857142857142634e-03 7.142857142857142634e-03 2.642857142857142905e-01 7.142857142857142634e-03 7.142857142857142634e-03 7.142857142857142634e-03 7.142857142857142634e-03 6.428571428571427937e-02 2.357142857142857095e-01 7.142857142857142634e-03 7.142857142857142634e-03
1.041666666666666609e-02 1.354166666666666574e-01 1.041666666666666609e-02 5.208333333333333565e-02 1.041666666666666609e-02 1.354166666666666574e-01 1.041666666666666609e-02 5.208333333333333565e-02 1.041666666666666609e-02 1.041666666666666609e-02 5.208333333333333565e-02 2.187500000000000000e-01 1.041666666666666609e-02 1.041666666666666609e-02 1.041666666666666609e-02 1.041666666666666609e-02 1.354166666666666574e-01 1.041666666666666609e-02 1.041666666666666609e-02 9.375000000000000000e-02
1.136363636363636395e-02 1.136363636363636395e-02 1.136363636363636395e-02 1.136363636363636395e-02 1.136363636363636395e-02 1.136363636363636395e-02 1.136363636363636395e-02 1.136363636363636395e-02 1.136363636363636395e-02 1.136363636363636395e-02 1.136363636363636395e-02 1.136363636363636395e-02 1.136363636363636395e-02 4.659090909090908839e-01 1.136363636363636395e-02 3.295454545454545303e-01 1.136363636363636395e-02 1.136363636363636395e-02 1.136363636363636395e-02 1.136363636363636395e-02
5.208333333333333565e-02 1.041666666666666609e-02 1.041666666666666609e-02 1.041666666666666609e-02 1.041666666666666609e-02 1.041666666666666609e-02 1.041666666666666609e-02 5.520833333333333703e-01 1.041666666666666609e-02 1.041666666666666609e-02 1.041666666666666609e-02 1.041666666666666609e-02 1.770833333333333426e-01 1.041666666666666609e-02 1.041666666666666609e-02 1.041666666666666609e-02 5.208333333333333565e-02 1.041666666666666609e-02 1.041666666666666609e-02 1.041666666666666609e-02
6.410256410256410034e-03 6.410256410256410034e-03 2.115384615384615363e-01 6.410256410256410034e-03 6.410256410256410034e-03 5.769230769230769551e-02 6.410256410256410034e-03 3.205128205128204844e-02 6.410256410256410034e-03 3.397435897435897578e-01 6.410256410256410034e-03 6.410256410256410034e-03 1.089743589743589758e-01 8.333333333333332871e-02 3.205128205128204844e-02 6.410256410256410034e-03 6.410256410256410034e-03 6.410256410256410034e-03 5.769230769230769551e-02 6.410256410256410034e-03
1.086956521739130405e-02 1.086956521739130405e-02 1.847826086956521618e-01 1.086956521739130405e-02 1.413043478260869457e-01 9.782608695652174335e-02 1.086956521739130405e-02 1.086956521739130405e-02 1.086956521739130405e-02 2.717391304347825942e-01 1.086956521739130405e-02 1.086956521739130405e-02 1.086956521739130405e-02 1.413043478260869457e-01 1.086956521739130405e-02 1.086956521739130405e-02 1.086956521739130405e-02 1.086956521739130405e-02 1.086956521739130405e-02 1.086956521739130405e-02
1.785714285714285615e-02 6.607142857142856984e-01 1.785714285714285615e-02 1.785714285714285615e-02 1.785714285714285615e-02 1.785714285714285615e-02 1.785714285714285615e-02 1.785714285714285615e-02 1.785714285714285615e-02 1.785714285714285615e-02 1.785714285714285615e-02 1.785714285714285615e-02 1.785714285714285615e-02 1.785714285714285615e-02 1.785714285714285615e-02 1.785714285714285615e-02 1.785714285714285615e-02 1.785714285714285615e-02 1.785714285714285615e-02 1.785714285714285615e-02
1.086956521739130405e-02 1.086956521739130405e-02 1.086956521739130405e-02 9.782608695652174335e-02 1.086956521739130405e-02 1.086956521739130405e-02 1.086956521739130405e-02 1.086956521739130405e-02 9.782608695652174335e-02 1.086956521739130405e-02 1.086956521739130405e-02 1.086956521739130405e-02 5.434782608695652023e-02 1.086956521739130405e-02 1.086956521739130405e-02 5.434782608695652023e-02 1.086956521739130405e-02 4.891304347826087029e-01 5.434782608695652023e-02 1.086956521739130405e-02
3.106060606060606077e-01 7.575757575757575968e-03 7.575757575757575968e-03 7.575757575757575968e-03 9.848484848484848064e-02 7.575757575757575968e-03 7.575757575757575968e-03 3.787878787878787984e-02 1.893939393939393923e-01 7.575757575757575968e-03 7.575757575757575968e-03 1.287878787878787845e-01 7.575757575757575968e-03 9.848484848484848064e-02 7.575757575757575968e-03 3.787878787878787984e-02 7.575757575757575968e-03 7.575757575757575968e-03 7.575757575757575968e-03 7.575757575757575968e-03
5.327868852459016064e-02 4.098360655737705131e-03 4.098360655737705131e-03 4.098360655737705131e-03 4.098360655737705131e-03 8.606557377049180169e-02 4.098360655737705131e-03 4.098360655737705131e-03 4.098360655737705131e-03 4.098360655737705131e-03 5.327868852459016064e-02 5.778688524590164244e-01 4.098360655737705131e-03 4.098360655737705131e-03 4.098360655737705131e-03 4.098360655737705131e-03 5.327868852459016064e-02 4.098360655737705131e-03 5.327868852459016064e-02 6.967213114754097769e-02
5.952380952380952051e-03 2.976190476190476025e-02 5.952380952380952051e-03 5.952380952380952051e-03 5.952380952380952051e-03 5.952380952380952051e-03 5.952380952380952051e-03 2.976190476190476025e-02 5.952380952380952051e-03 5.952380952380952051e-03 4.821428571428571508e-01 2.976190476190476025e-02 5.952380952380952051e-03 5.357142857142856845e-02 5.952380952380952051e-03 5.952380952380952051e-03 5.952380952380952051e-03 2.678571428571428492e-01 2.976190476190476025e-02 5.952380952380952051e-03
5.000000000000000104e-03 5.000000000000000104e-03 2.500000000000000139e-02 5.000000000000000104e-03 5.000000000000000104e-03 5.000000000000000104e-03 5.000000000000000104e-03 5.000000000000000104e-03 5.000000000000000104e-03 5.000000000000000104e-03 5.000000000000000104e-03 5.000000000000000104e-03 5.000000000000000104e-03 2.049999999999999878e-01 2.500000000000000139e-02 5.000000000000000104e-03 5.000000000000000104e-03 1.250000000000000000e-01 5.000000000000000104e-03 5.450000000000000400e-01
1.607142857142857262e-01 1.785714285714285615e-02 1.785714285714285615e-02 1.785714285714285615e-02 1.785714285714285615e-02 1.785714285714285615e-02 1.785714285714285615e-02 8.928571428571428770e-02 1.785714285714285615e-02 1.607142857142857262e-01 1.785714285714285615e-02 1.785714285714285615e-02 2.321428571428571508e-01 1.785714285714285615e-02 1.785714285714285615e-02 1.785714285714285615e-02 1.785714285714285615e-02 1.785714285714285615e-02 8.928571428571428770e-02 1.785714285714285615e-02
4.901960784313725422e-03 1.029411764705882304e-01 1.029411764705882304e-01 4.901960784313725422e-03 4.901960784313725422e-03 4.411764705882353227e-02 4.901960784313725422e-03 2.205882352941176405e-01 4.901960784313725422e-03 4.901960784313725422e-03 4.901960784313725422e-03 4.901960784313725422e-03 8.333333333333332871e-02 1.029411764705882304e-01 2.009803921568627527e-01 4.901960784313725422e-03 4.901960784313725422e-03 2.450980392156862711e-02 2.450980392156862711e-02 4.411764705882353227e-02
1.250000000000000069e-02 6.250000000000000000e-02 1.250000000000000069e-02 1.125000000000000028e-01 6.250000000000000000e-02 1.250000000000000069e-02 1.250000000000000069e-02 1.250000000000000069e-02 1.250000000000000069e-02 1.250000000000000069e-02 1.250000000000000069e-02 1.250000000000000069e-02 6.250000000000000000e-02 1.250000000000000069e-02 1.625000000000000056e-01 1.250000000000000069e-02 1.250000000000000069e-02 1.625000000000000056e-01 1.125000000000000028e-01 1.125000000000000028e-01
6.410256410256410034e-03 3.205128205128204844e-02 6.410256410256410034e-03 6.410256410256410034e-03 6.410256410256410034e-03 4.935897435897436125e-01 6.410256410256410034e-03 2.371794871794871695e-01 6.410256410256410034e-03 6.410256410256410034e-03 6.410256410256410034e-03 6.410256410256410034e-03 6.410256410256410034e-03 3.205128205128204844e-02 3.205128205128204844e-02 6.410256410256410034e-03 6.410256410256410034e-03 6.410256410256410034e-03 5.769230769230769551e-02 3.205128205128204844e-02
1.865671641791044741e-03 9.141791044776119424e-02 1.287313432835821003e-01 9.328358208955223052e-03 2.779850746268656692e-01 1.865671641791044741e-03 1.865671641791044741e-03 1.865671641791044741e-03 9.328358208955223052e-03 8.395522388059702135e-02 1.865671641791044741e-03 2.425373134328358271e-02 1.585820895522388196e-01 1.585820895522388196e-01 2.425373134328358271e-02 9.328358208955223052e-03 9.328358208955223052e-03 1.865671641791044741e-03 1.865671641791044741e-03 1.865671641791044741e-03
9.259259259259258745e-03 9.259259259259258745e-03 9.259259259259258745e-03 9.259259259259258745e-03 9.259259259259258745e-03 3.055555555555555802e-01 9.259259259259258745e-03 9.259259259259258745e-03 9.259259259259258745e-03 9.259259259259258745e-03 9.259259259259258745e-03 9.259259259259258745e-03 4.629629629629629373e-02 9.259259259259258745e-03 9.259259259259258745e-03 9.259259259259258745e-03 1.944444444444444475e-01 1.203703703703703637e-01 1.944444444444444475e-01 9.259259259259258745e-03
1.136363636363636395e-02 1.022727272727272790e-01 1.136363636363636395e-02 1.136363636363636395e-02 1.136363636363636395e-02 1.477272727272727348e-01 1.136363636363636395e-02 1.136363636363636395e-02 1.136363636363636395e-02 1.136363636363636395e-02 1.136363636363636395e-02 1.136363636363636395e-02 5.681818181818181629e-02 5.681818181818181629e-02 1.136363636363636395e-02 1.136363636363636395e-02 1.136363636363636395e-02 4.659090909090908839e-01 1.136363636363636395e-02 1.136363636363636395e-02
1.000000000000000021e-02 8.999999999999999667e-02 1.000000000000000021e-02 5.000000000000000278e-02 1.000000000000000021e-02 1.000000000000000021e-02 1.300000000000000044e-01 1.000000000000000021e-02 1.000000000000000021e-02 1.000000000000000021e-02 4.099999999999999756e-01 1.000000000000000021e-02 1.000000000000000021e-02 8.999999999999999667e-02 1.000000000000000021e-02 1.000000000000000021e-02 1.000000000000000021e-02 5.000000000000000278e-02 5.000000000000000278e-02 1.000000000000000021e-02
1.953125000000000000e-02 3.906250000000000000e-03 3.906250000000000000e-03 3.906250000000000000e-03 3.515625000000000000e-02 3.906250000000000000e-03 6.757812500000000000e-01 3.906250000000000000e-03 3.515625000000000000e-02 3.906250000000000000e-03 3.906250000000000000e-03 3.906250000000000000e-03 3.515625000000000000e-02 1.953125000000000000e-02 1.953125000000000000e-02 3.906250000000000000e-03 5.078125000000000000e-02 6.640625000000000000e-02 3.906250000000000000e-03 3.906250000000000000e-03
1.250000000000000069e-02 1.250000000000000069e-02 1.250000000000000069e-02 2.625000000000000111e-01 1.250000000000000069e-02 1.250000000000000069e-02 1.250000000000000069e-02 1.250000000000000069e-02 1.250000000000000069e-02 1.125000000000000028e-01 1.250000000000000069e-02 1.250000000000000069e-02 1.250000000000000069e-02 1.125000000000000028e-01 1.250000000000000069e-02 1.250000000000000069e-02 1.125000000000000028e-01 2.124999999999999944e-01 1.250000000000000069e-02 1.250000000000000069e-02
6.944444444444444059e-03 3.472222222222222376e-02 6.944444444444444059e-03 6.944444444444444059e-03 3.125000000000000000e-01 3.472222222222222376e-02 6.944444444444444059e-03 3.472222222222222376e-02 6.944444444444444059e-03 3.472222222222222376e-02 6.944444444444444059e-03 3.472222222222222376e-02 6.944444444444444059e-03 3.472222222222222376e-02 6.944444444444444059e-03 6.944444444444444059e-03 6.944444444444444059e-03 6.944444444444444059e-03 3.958333333333333148e-01 6.944444444444444059e-03
1.000000000000000021e-02 1.000000000000000021e-02 1.000000000000000021e-02 1.000000000000000021e-02 1.000000000000000021e-02 5.000000000000000278e-02 1.000000000000000021e-02 1.000000000000000021e-02 1.000000000000000021e-02 1.000000000000000021e-02 1.000000000000000021e-02 1.000000000000000021e-02 1.000000000000000021e-02 4.099999999999999756e-01 1.000000000000000021e-02 3.699999999999999956e-01 1.000000000000000021e-02 1.000000000000000021e-02 1.000000000000000021e-02 1.000000000000000021e-02
4.032258064516128920e-03 4.032258064516128920e-03 2.016129032258064460e-02 4.032258064516128920e-03 4.032258064516128920e-03 5.040322580645161255e-01 2.016129032258064460e-02 4.032258064516128920e-03 4.032258064516128920e-03 4.032258064516128920e-03 1.169354838709677352e-01 3.629032258064516375e-02 4.032258064516128920e-03 4.032258064516128920e-03 4.032258064516128920e-03 4.032258064516128920e-03 2.016129032258064460e-02 8.467741935483870386e-02 6.854838709677418818e-02 8.467741935483870386e-02
6.814516129032257563e-01 4.032258064516128920e-03 4.032258064516128920e-03 2.016129032258064460e-02 4.032258064516128920e-03 2.016129032258064460e-02 4.032258064516128920e-03 4.032258064516128920e-03 4.032258064516128920e-03 4.032258064516128920e-03 4.032258064516128920e-03 2.016129032258064460e-02 5.241935483870967943e-02 3.629032258064516375e-02 8.467741935483870386e-02 4.032258064516128920e-03 3.629032258064516375e-02 4.032258064516128920e-03 4.032258064516128920e-03 4.032258064516128920e-03
2.717391304347826012e-02 5.434782608695652023e-03 5.434782608695652023e-03 5.434782608695652023e-03 5.434782608695652023e-03 2.717391304347826012e-02 5.434782608695652023e-03 5.434782608695652023e-03 5.434782608695652023e-03 5.434782608695652023e-03 5.489130434782608647e-01 4.891304347826087168e-02 5.434782608695652023e-03 5.434782608695652023e-03 5.434782608695652023e-03 5.434782608695652023e-03 1.793478260869565133e-01 7.065217391304347283e-02 2.717391304347826012e-02 5.434782608695652023e-03
1.315789473684210453e-02 1.315789473684210453e-02 1.315789473684210453e-02 1.315789473684210453e-02 1.315789473684210453e-02 6.578947368421052266e-02 1.184210526315789408e-01 1.315789473684210453e-02 1.315789473684210453e-02 1.315789473684210453e-02 1.315789473684210453e-02 1.315789473684210453e-02 1.315789473684210453e-02 1.315789473684210453e-02 1.315789473684210453e-02 1.315789473684210453e-02 6.578947368421052266e-02 4.342105263157894912e-01 6.578947368421052266e-02 6.578947368421052266e-02
4.545454545454545234e-03 4.545454545454545234e-03 4.545454545454545234e-03 4.545454545454545234e-03 2.272727272727272790e-02 6.409090909090908728e-01 9.545454545454545858e-02 4.545454545454545234e-03 4.545454545454545234e-03 5.909090909090908977e-02 4.545454545454545234e-03 5.909090909090908977e-02 4.545454545454545234e-03 2.272727272727272790e-02 4.545454545454545234e-03 4.545454545454545234e-03 4.545454545454545234e-03 4.545454545454545234e-03 4.545454545454545234e-03 4.090909090909090884e-02
1.041666666666666609e-02 5.208333333333333565e-02 4.687500000000000000e-01 1.041666666666666609e-02 1.041666666666666609e-02 1.041666666666666609e-02 1.041666666666666609e-02 9.375000000000000000e-02 1.041666666666666609e-02 1.041666666666666609e-02 1.041666666666666609e-02 1.041666666666666609e-02 1.041666666666666609e-02 1.041666666666666609e-02 1.041666666666666609e-02 1.041666666666666609e-02 2.187500000000000000e-01 1.041666666666666609e-02 1.041666666666666609e-02 1.041666666666666609e-02
1.000000000000000021e-02 1.000000000000000021e-02 1.000000000000000021e-02 5.000000000000000278e-02 1.000000000000000021e-02 2.500000000000000000e-01 1.700000000000000122e-01 1.000000000000000021e-02 1.000000000000000021e-02 1.000000000000000021e-02 1.300000000000000044e-01 1.000000000000000021e-02 1.000000000000000021e-02 8.999999999999999667e-02 1.000000000000000021e-02 1.000000000000000021e-02 1.000000000000000021e-02 5.000000000000000278e-02 5.000000000000000278e-02 8.999999999999999667e-02
1.041666666666666713e-01 1.041666666666666713e-01 2.083333333333333218e-02 2.083333333333333218e-02 2.083333333333333218e-02 2.083333333333333218e-02 2.083333333333333218e-02 1.041666666666666713e-01 2.083333333333333218e-02 2.083333333333333218e-02 2.083333333333333218e-02 1.875000000000000000e-01 2.083333333333333218e-02 2.083333333333333218e-02 2.083333333333333218e-02 2.083333333333333218e-02 2.083333333333333218e-02 1.875000000000000000e-01 2.083333333333333218e-02 2.083333333333333218e-02
7.812500000000000000e-03 7.031250000000000000e-02 7.812500000000000000e-03 7.031250000000000000e-02 7.812500000000000000e-03 7.812500000000000000e-03 3.906250000000000000e-02 1.015625000000000000e-01 7.812500000000000000e-03 1.328125000000000000e-01 7.031250000000000000e-02 7.812500000000000000e-03 3.515625000000000000e-01 3.906250000000000000e-02 7.812500000000000000e-03 7.812500000000000000e-03 7.812500000000000000e-03 7.812500000000000000e-03 3.906250000000000000e-02 7.812500000000000000e-03
3.571428571428571230e-02 1.626984126984127033e-01 1.785714285714285754e-01 3.968253968253968034e-03 5.158730158730158444e-02 6.746031746031745657e-02 3.968253968253968034e-03 3.968253968253968034e-03 3.968253968253968034e-03 2.261904761904761918e-01 3.571428571428571230e-02 3.968253968253968034e-03 8.333333333333332871e-02 3.571428571428571230e-02 1.984126984126984017e-02 3.968253968253968034e-03 3.968253968253968034e-03 3.968253968253968034e-03 6.746031746031745657e-02 3.968253968253968034e-03
4.310344827586207184e-02 4.310344827586207184e-02 8.620689655172413673e-03 1.120689655172413812e-01 8.620689655172413673e-03 4.310344827586207184e-02 8.620689655172413673e-03 8.620689655172413673e-03 8.620689655172413673e-03 4.310344827586207184e-02 8.620689655172413673e-03 4.310344827586207184e-02 1.120689655172413812e-01 8.620689655172413673e-03 8.620689655172413673e-03 8.620689655172413673e-03 2.844827586206896686e-01 1.120689655172413812e-01 8.620689655172413673e-03 7.758620689655172653e-02
1.388888888888888812e-02 1.388888888888888812e-02 1.388888888888888812e-02 1.388888888888888812e-02 1.388888888888888812e-02 1.388888888888888812e-02 1.388888888888888812e-02 1.388888888888888812e-02 6.944444444444444753e-02 5.694444444444444198e-01 1.388888888888888812e-02 1.388888888888888812e-02 1.388888888888888812e-02 1.388888888888888812e-02 1.388888888888888812e-02 1.388888888888888812e-02 6.944444444444444753e-02 1.388888888888888812e-02 6.944444444444444753e-02 1.388888888888888812e-02
9.285714285714286031e-02 6.428571428571427937e-02 7.142857142857142634e-03 7.142857142857142634e-03 2.928571428571428714e-01 6.428571428571427937e-02 7.142857142857142634e-03 7.142857142857142634e-03 7.142857142857142634e-03 7.142857142857142634e-03 7.142857142857142634e-03 7.142857142857142634e-03 7.142857142857142634e-03 7.142857142857142634e-03 7.142857142857142634e-03 7.142857142857142634e-03 7.142857142857142634e-03 7.142857142857142634e-03 3.785714285714285587e-01 7.142857142857142634e-03
1.250000000000000000e-01 1.250000000000000000e-01 2.500000000000000139e-02 2.500000000000000139e-02 2.500000000000000139e-02 2.500000000000000139e-02 2.500000000000000139e-02 2.500000000000000139e-02 2.500000000000000139e-02 2.500000000000000139e-02 2.500000000000000139e-02 2.500000000000000139e-02 2.500000000000000139e-02 2.500000000000000139e-02 2.250000000000000056e-01 2.500000000000000139e-02 1.250000000000000000e-01 2.500000000000000139e-02 2.500000000000000139e-02 2.500000000000000139e-02
6.756756756756757132e-03 2.500000000000000000e-01 2.229729729729729715e-01 6.756756756756757132e-03 1.418918918918918859e-01 6.756756756756757132e-03 3.378378378378378566e-02 3.378378378378378566e-02 6.756756756756757132e-03 6.756756756756757132e-03 6.756756756756757132e-03 6.756756756756757132e-03 3.378378378378378566e-02 8.783783783783784271e-02 6.756756756756757132e-03 6.756756756756757132e-03 6.081081081081081419e-02 6.756756756756757132e-03 3.378378378378378566e-02 3.378378378378378566e-02
3.125000000000000000e-02 3.125000000000000000e-02 3.125000000000000000e-02 3.125000000000000000e-02 3.125000000000000000e-02 3.125000000000000000e-02 3.125000000000000000e-02 3.125000000000000000e-02 3.125000000000000000e-02 3.125000000000000000e-02 3.125000000000000000e-02 3.125000000000000000e-02 2.812500000000000000e-01 3.125000000000000000e-02 1.562500000000000000e-01 3.125000000000000000e-02 3.125000000000000000e-02 3.125000000000000000e-02 3.125000000000000000e-02 3.125000000000000000e-02
6.250000000000000000e-02 6.944444444444444059e-03 6.944444444444444059e-03 3.472222222222222376e-02 6.944444444444444059e-03 6.944444444444444059e-03 6.944444444444444059e-03 6.944444444444444059e-03 3.958333333333333148e-01 6.944444444444444059e-03 6.944444444444444059e-03 6.944444444444444059e-03 6.944444444444444059e-03 3.680555555555555802e-01 6.944444444444444059e-03 6.944444444444444059e-03 6.944444444444444059e-03 6.944444444444444059e-03 3.472222222222222376e-02 6.944444444444444059e-03
2.906976744186046471e-02 1.220930232558139483e-01 2.383720930232558211e-01 5.813953488372092943e-03 5.813953488372092943e-03 5.813953488372092943e-03 5.813953488372092943e-03 9.883720930232557655e-02 5.232558139534883995e-02 2.616279069767442067e-01 2.906976744186046471e-02 5.813953488372092943e-03 2.906976744186046471e-02 5.813953488372092943e-03 5.813953488372092943e-03 5.813953488372092943e-03 2.906976744186046471e-02 2.906976744186046471e-02 2.906976744186046471e-02 5.813953488372092943e-03
1.562500000000000000e-02 1.562500000000000000e-02 1.562500000000000000e-02 1.562500000000000000e-02 1.562500000000000000e-02 1.562500000000000000e-02 1.562500000000000000e-02 3.906250000000000000e-01 1.562500000000000000e-02 7.812500000000000000e-02 1.562500000000000000e-02 1.562500000000000000e-02 7.812500000000000000e-02 1.406250000000000000e-01 1.562500000000000000e-02 1.562500000000000000e-02 1.562500000000000000e-02 1.562500000000000000e-02 7.812500000000000000e-02 1.562500000000000000e-02
4.807692307692307959e-03 2.403846153846153980e-02 4.807692307692307959e-03 4.807692307692307959e-03 8.173076923076923184e-02 4.471153846153846367e-01 4.807692307692307959e-03 1.201923076923076955e-01 4.807692307692307959e-03 4.807692307692307959e-03 4.807692307692307959e-03 4.807692307692307959e-03 4.807692307692307959e-03 4.807692307692307959e-03 2.403846153846153980e-02 4.807692307692307959e-03 6.250000000000000000e-02 2.403846153846153980e-02 6.250000000000000000e-02 1.009615384615384637e-01
4.166666666666666609e-03 4.166666666666666609e-03 8.333333333333333868e-04 7.108333333333333171e-01 4.166666666666666609e-03 8.333333333333333868e-04 2.083333333333333218e-02 8.333333333333333868e-04 7.499999999999999722e-03 8.333333333333333868e-04 8.333333333333333868e-04 8.333333333333333868e-04 1.083333333333333370e-02 8.333333333333333868e-04 8.333333333333333868e-04 8.333333333333333868e-04 8.333333333333333868e-04 1.375000000000000111e-01 5.083333333333333454e-02 4.083333333333333259e-02
2.899999999999999800e-01 1.000000000000000021e-02 5.000000000000000278e-02 5.000000000000000278e-02 8.999999999999999667e-02 1.300000000000000044e-01 1.000000000000000021e-02 5.000000000000000278e-02 1.000000000000000021e-02 8.999999999999999667e-02 1.000000000000000021e-02 5.000000000000000278e-02 1.000000000000000021e-02 1.000000000000000021e-02 8.999999999999999667e-02 1.000000000000000021e-02 1.000000000000000021e-02 1.000000000000000021e-02 1.000000000000000021e-02 1.000000000000000021e-02
3.787878787878787984e-03 3.787878787878787984e-03 3.787878787878787984e-03 3.787878787878787984e-03 6.439393939393939226e-02 3.787878787878787984e-03 1.893939393939393992e-02 4.924242424242424032e-02 1.893939393939393992e-02 6.439393939393939226e-02 3.409090909090908839e-02 3.787878787878787984e-03 3.068181818181818232e-01 3.068181818181818232e-01 3.787878787878787984e-03 3.787878787878787984e-03 3.409090909090908839e-02 3.409090909090908839e-02 3.409090909090908839e-02 3.787878787878787984e-03
2.293577981651376274e-03 5.733944954128440685e-02 2.293577981651376274e-03 2.293577981651376274e-03 2.293577981651376274e-03 7.568807339449541705e-02 2.293577981651376274e-03 4.816513761467890176e-02 3.899082568807339666e-02 2.981651376146789156e-02 2.981651376146789156e-02 2.224770642201834847e-01 2.133027522935779796e-01 2.293577981651376274e-03 2.293577981651376274e-03 2.293577981651376274e-03 2.293577981651376274e-03 2.064220183486238647e-02 2.408256880733944949e-01 2.293577981651376274e-03
4.237288135593220324e-03 4.237288135593220324e-03 4.237288135593220324e-03 1.737288135593220428e-01 3.813559322033898552e-02 4.237288135593220324e-03 3.813559322033898552e-02 3.813559322033898552e-02 2.118644067796610075e-02 4.237288135593220324e-03 2.118644067796610075e-02 1.567796610169491511e-01 3.813559322033898552e-02 4.237288135593220324e-03 1.228813559322033955e-01 4.237288135593220324e-03 3.813559322033898552e-02 1.398305084745762594e-01 3.813559322033898552e-02 1.059322033898305038e-01
2.777777777777777624e-02 1.388888888888888951e-01 2.777777777777777624e-02 2.777777777777777624e-02 2.777777777777777624e-02 1.388888888888888951e-01 2.777777777777777624e-02 2.777777777777777624e-02 2.777777777777777624e-02 2.777777777777777624e-02 2.777777777777777624e-02 2.777777777777777624e-02 2.777777777777777624e-02 2.777777777777777624e-02 2.777777777777777624e-02 2.777777777777777624e-02 2.777777777777777624e-02 2.777777777777777624e-02 2.777777777777777624e-02 2.500000000000000000e-01
1.923076923076923184e-02 6.346153846153845812e-01 1.923076923076923184e-02 1.923076923076923184e-02 1.923076923076923184e-02 1.923076923076923184e-02 1.923076923076923184e-02 1.923076923076923184e-02 1.923076923076923184e-02 1.923076923076923184e-02 1.923076923076923184e-02 1.923076923076923184e-02 1.923076923076923184e-02 1.923076923076923184e-02 1.923076923076923184e-02 1.923076923076923184e-02 1.923076923076923184e-02 1.923076923076923184e-02 1.923076923076923184e-02 1.923076923076923184e-02
1.250000000000000069e-02 1.125000000000000028e-01 1.250000000000000069e-02 1.250000000000000069e-02 6.250000000000000000e-02 1.625000000000000056e-01 1.250000000000000069e-02 1.250000000000000069e-02 4.124999999999999778e-01 1.250000000000000069e-02 1.250000000000000069e-02 1.250000000000000069e-02 1.250000000000000069e-02 1.250000000000000069e-02 6.250000000000000000e-02 1.250000000000000069e-02 1.250000000000000069e-02 1.250000000000000069e-02 1.250000000000000069e-02 1.250000000000000069e-02
8.620689655172413673e-03 4.310344827586207184e-02 8.620689655172413673e-03 1.465517241379310220e-01 8.620689655172413673e-03 8.620689655172413673e-03 8.620689655172413673e-03 1.120689655172413812e-01 8.620689655172413673e-03 4.310344827586207184e-02 8.620689655172413673e-03 8.620689655172413673e-03 8.620689655172413673e-03 8.620689655172413673e-03 8.620689655172413673e-03 8.620689655172413673e-03 8.620689655172413673e-03 4.224137931034482873e-01 8.620689655172413673e-03 1.120689655172413812e-01
1.136363636363636395e-02 1.136363636363636395e-02 1.931818181818181768e-01 1.136363636363636395e-02 1.136363636363636395e-02 1.136363636363636395e-02 1.136363636363636395e-02 1.136363636363636395e-02 1.136363636363636395e-02 1.136363636363636395e-02 1.136363636363636395e-02 1.136363636363636395e-02 1.136363636363636395e-02 1.136363636363636395e-02 3.295454545454545303e-01 1.136363636363636395e-02 1.136363636363636395e-02 5.681818181818181629e-02 2.386363636363636465e-01 1.136363636363636395e-02
5.000000000000000104e-03 5.000000000000000104e-03 2.500000000000000139e-02 5.000000000000000104e-03 5.000000000000000104e-03 6.500000000000000222e-02 2.449999999999999956e-01 8.500000000000000611e-02 4.499999999999999833e-02 5.000000000000000104e-03 2.500000000000000139e-02 2.449999999999999956e-01 5.000000000000000104e-03 5.000000000000000104e-03 5.000000000000000104e-03 2.500000000000000139e-02 5.000000000000000104e-03 5.000000000000000104e-03 8.500000000000000611e-02 1.049999999999999961e-01
5.952380952380952051e-02 5.952380952380952051e-02 1.190476190476190410e-02 1.190476190476190410e-02 1.190476190476190410e-02 1.190476190476190410e-02 1.190476190476190410e-02 1.190476190476190410e-02 1.190476190476190410e-02 1.071428571428571369e-01 1.190476190476190410e-02 5.952380952380952051e-02 1.071428571428571369e-01 1.071428571428571369e-01 2.500000000000000000e-01 1.190476190476190410e-02 5.952380952380952051e-02 5.952380952380952051e-02 1.190476190476190410e-02 1.190476190476190410e-02
4.423076923076922906e-01 1.602564102564102699e-01 6.410256410256410034e-03 6.410256410256410034e-03 6.410256410256410034e-03 6.410256410256410034e-03 6.410256410256410034e-03 6.410256410256410034e-03 6.410256410256410034e-03 5.769230769230769551e-02 3.205128205128204844e-02 6.410256410256410034e-03 6.410256410256410034e-03 3.205128205128204844e-02 1.089743589743589758e-01 6.410256410256410034e-03 6.410256410256410034e-03 3.205128205128204844e-02 6.410256410256410034e-03 5.769230769230769551e-02
4.629629629629629373e-02 8.333333333333332871e-02 4.629629629629629373e-02 4.629629629629629373e-02 9.259259259259258745e-03 9.259259259259258745e-03 9.259259259259258745e-03 9.259259259259258745e-03 8.333333333333332871e-02 9.259259259259258745e-03 9.259259259259258745e-03 4.629629629629629373e-02 8.333333333333332871e-02 8.333333333333332871e-02 9.259259259259258745e-03 9.259259259259258745e-03 1.203703703703703637e-01 2.685185185185185452e-01 9.259259259259258745e-03 9.259259259259258745e-03
4.716981132075471518e-03 1.745283018867924418e-01 4.716981132075471518e-03 3.443396226415094130e-01 2.358490566037736019e-02 4.716981132075471518e-03 4.716981132075471518e-03 4.716981132075471518e-03 4.716981132075471518e-03 4.716981132075471518e-03 4.716981132075471518e-03 4.716981132075471518e-03 4.716981132075471518e-03 6.132075471698113234e-02 2.358490566037736019e-02 4.716981132075471518e-03 2.358490566037736019e-02 2.688679245283018826e-01 2.358490566037736019e-02 4.716981132075471518e-03
8.928571428571428076e-03 4.464285714285714385e-02 8.928571428571428076e-03 8.928571428571428076e-03 8.928571428571428076e-03 8.928571428571428076e-03 8.928571428571428076e-03 8.928571428571428076e-03 4.464285714285714385e-02 8.928571428571428076e-03 8.035714285714286309e-02 8.928571428571428076e-03 1.875000000000000000e-01 8.035714285714286309e-02 8.035714285714286309e-02 8.928571428571428076e-03 8.928571428571428076e-03 2.589285714285714524e-01 1.160714285714285754e-01 8.928571428571428076e-03
1.250000000000000069e-02 1.250000000000000069e-02 1.250000000000000069e-02 1.250000000000000069e-02 1.125000000000000028e-01 1.250000000000000069e-02 1.250000000000000069e-02 1.125000000000000028e-01 6.250000000000000000e-02 1.250000000000000069e-02 6.250000000000000000e-02 1.250000000000000069e-02 1.250000000000000069e-02 1.250000000000000069e-02 6.250000000000000000e-02 1.250000000000000069e-02 4.124999999999999778e-01 1.250000000000000069e-02 1.250000000000000069e-02 1.250000000000000069e-02
2.272727272727272790e-02 2.272727272727272790e-02 2.272727272727272790e-02 2.045454545454545581e-01 2.272727272727272790e-02 2.272727272727272790e-02 2.272727272727272790e-02 2.272727272727272790e-02 2.272727272727272790e-02 2.272727272727272790e-02 2.272727272727272790e-02 2.272727272727272790e-02 2.272727272727272790e-02 1.136363636363636326e-01 2.272727272727272790e-02 2.272727272727272790e-02 1.136363636363636326e-01 2.272727272727272790e-02 2.045454545454545581e-01 2.272727272727272790e-02
4.166666666666666435e-02 4.166666666666666435e-02 8.333333333333333218e-03 3.750000000000000000e-01 1.083333333333333370e-01 4.166666666666666435e-02 4.166666666666666435e-02 4.166666666666666435e-02 4.166666666666666435e-02 8.333333333333333218e-03 8.333333333333333218e-03 8.333333333333333218e-03 8.333333333333333218e-03 8.333333333333333218e-03 8.333333333333333218e-03 8.333333333333333218e-03 8.333333333333333218e-03 1.083333333333333370e-01 8.333333333333333218e-03 7.499999999999999722e-02
1.875000000000000000e-01 2.083333333333333218e-02 2.083333333333333218e-02 2.083333333333333218e-02 2.083333333333333218e-02 2.083333333333333218e-02 1.041666666666666713e-01 2.083333333333333218e-02 2.083333333333333218e-02 2.083333333333333218e-02 2.083333333333333218e-02 2.083333333333333218e-02 2.083333333333333218e-02 1.041666666666666713e-01 2.083333333333333218e-02 1.041666666666666713e-01 2.083333333333333218e-02 2.083333333333333218e-02 2.083333333333333218e-02 1.875000000000000000e-01
6.756756756756757132e-03 6.081081081081081419e-02 6.756756756756757132e-03 6.756756756756757132e-03 6.756756756756757132e-03 6.756756756756757132e-03 6.756756756756757132e-03 6.756756756756757132e-03 6.756756756756757132e-03 6.756756756756757132e-03 4.391891891891891997e-01 6.756756756756757132e-03 6.756756756756757132e-03 8.783783783783784271e-02 6.756756756756757132e-03 6.756756756756757132e-03 3.378378378378378566e-02 2.229729729729729715e-01 6.756756756756757132e-03 6.081081081081081419e-02
7.812500000000000000e-02 1.562500000000000000e-02 1.562500000000000000e-02 7.812500000000000000e-02 1.562500000000000000e-02 1.562500000000000000e-02 1.562500000000000000e-02 1.562500000000000000e-02 1.562500000000000000e-02 1.562500000000000000e-02 1.562500000000000000e-02 2.656250000000000000e-01 1.562500000000000000e-02 1.562500000000000000e-02 1.562500000000000000e-02 7.812500000000000000e-02 7.812500000000000000e-02 1.562500000000000000e-02 1.562500000000000000e-02 2.031250000000000000e-01
8.620689655172413673e-03 8.620689655172413673e-03 8.620689655172413673e-03 8.620689655172413673e-03 8.620689655172413673e-03 8.620689655172413673e-03 4.310344827586207184e-02 8.620689655172413673e-03 8.620689655172413673e-03 8.620689655172413673e-03 6.637931034482759118e-01 4.310344827586207184e-02 4.310344827586207184e-02 8.620689655172413673e-03 8.620689655172413673e-03 8.620689655172413673e-03 8.620689655172413673e-03 8.620689655172413673e-03 4.310344827586207184e-02 4.310344827586207184e-02
3.424657534246575152e-03 3.424657534246575152e-03 3.424657534246575152e-03 3.424657534246575152e-03 3.424657534246575152e-03 1.712328767123287576e-02 3.424657534246575152e-03 3.424657534246575152e-03 3.424657534246575152e-03 3.424657534246575152e-03 3.424657534246575152e-03 1.712328767123287576e-02 3.424657534246575152e-03 1.404109589041095951e-01 1.404109589041095951e-01 1.712328767123287576e-02 9.931506849315067942e-02 2.226027397260273988e-01 3.424657534246575152e-03 3.047945205479452024e-01
2.083333333333333218e-02 2.083333333333333218e-02 2.083333333333333218e-02 2.083333333333333218e-02 1.041666666666666713e-01 2.083333333333333218e-02 2.083333333333333218e-02 2.083333333333333218e-02 2.083333333333333218e-02 2.083333333333333218e-02 2.083333333333333218e-02 2.083333333333333218e-02 2.083333333333333218e-02 1.041666666666666713e-01 2.083333333333333218e-02 2.083333333333333218e-02 2.083333333333333218e-02 2.083333333333333218e-02 1.041666666666666713e-01 3.541666666666666852e-01
1.041666666666666609e-02 2.187500000000000000e-01 1.041666666666666609e-02 1.041666666666666609e-02 9.375000000000000000e-02 1.041666666666666609e-02 5.208333333333333565e-02 1.041666666666666609e-02 1.041666666666666609e-02 5.208333333333333565e-02 1.041666666666666609e-02 1.041666666666666609e-02 1.041666666666666609e-02 3.437500000000000000e-01 5.208333333333333565e-02 1.041666666666666609e-02 1.041666666666666609e-02 1.041666666666666609e-02 1.041666666666666609e-02 5.208333333333333565e-02
3.906250000000000000e-03 3.515625000000000000e-02 3.906250000000000000e-03 3.906250000000000000e-03 3.906250000000000000e-03 3.906250000000000000e-03 6.445312500000000000e-01 3.906250000000000000e-03 3.906250000000000000e-03 3.906250000000000000e-03 2.070312500000000000e-01 3.906250000000000000e-03 3.906250000000000000e-03 3.906250000000000000e-03 3.515625000000000000e-02 1.953125000000000000e-02 3.906250000000000000e-03 3.906250000000000000e-03 3.906250000000000000e-03 3.906250000000000000e-03
3.378378378378378566e-03 1.689189189189189283e-02 2.331081081081081141e-01 3.378378378378378566e-03 8.445945945945945721e-02 3.378378378378378566e-03 7.094594594594594295e-02 3.378378378378378566e-03 3.378378378378378566e-03 7.094594594594594295e-02 3.378378378378378566e-03 3.378378378378378566e-03 3.040540540540540709e-02 1.689189189189189283e-02 4.358108108108108003e-01 3.378378378378378566e-03 3.378378378378378566e-03 3.378378378378378566e-03 3.378378378378378566e-03 3.378378378378378566e-03
1.136363636363636395e-02 1.136363636363636395e-02 1.136363636363636395e-02 1.136363636363636395e-02 5.681818181818181629e-02 1.136363636363636395e-02 1.136363636363636395e-02 1.136363636363636395e-02 1.136363636363636395e-02 1.136363636363636395e-02 1.136363636363636395e-02 1.136363636363636395e-02 1.136363636363636395e-02 4.204545454545454697e-01 1.136363636363636395e-02 3.295454545454545303e-01 1.136363636363636395e-02 1.136363636363636395e-02 1.136363636363636395e-02 1.136363636363636395e-02
9.615384615384615918e-03 4.807692307692307959e-02 9.615384615384615918e-03 9.615384615384615918e-03 9.615384615384615918e-03 9.615384615384615918e-03 9.615384615384615918e-03 5.865384615384615641e-01 9.615384615384615918e-03 9.615384615384615918e-03 9.615384615384615918e-03 9.615384615384615918e-03 9.615384615384615918e-03 9.615384615384615918e-03 2.019230769230769273e-01 9.615384615384615918e-03 9.615384615384615918e-03 9.615384615384615918e-03 9.615384615384615918e-03 9.615384615384615918e-03
5.165289256198347251e-04 4.183884297520661100e-02 3.269628099173553792e-01 2.582644628099173625e-03 1.368801652892562004e-01 5.165289256198347251e-04 5.165289256198347251e-04 1.084710743801652923e-02 1.497933884297520703e-02 2.484504132231404872e-01 5.165289256198347251e-04 2.582644628099173625e-03 9.555785123966942241e-02 4.648760330578512526e-03 4.648760330578512526e-03 5.165289256198347251e-04 5.165289256198347251e-04 1.084710743801652923e-02 9.555785123966942241e-02 5.165289256198347251e-04
6.756756756756757132e-03 6.081081081081081419e-02 8.783783783783784271e-02 6.081081081081081419e-02 6.756756756756757132e-03 6.756756756756757132e-03 6.081081081081081419e-02 2.500000000000000000e-01 6.756756756756757132e-03 6.756756756756757132e-03 6.756756756756757132e-03 6.756756756756757132e-03 6.756756756756757132e-03 1.959459459459459429e-01 1.959459459459459429e-01 6.756756756756757132e-03 6.756756756756757132e-03 6.756756756756757132e-03 6.756756756756757132e-03 6.756756756756757132e-03
1.923076923076923184e-02 1.923076923076923184e-02 1.923076923076923184e-02 1.923076923076923184e-02 1.923076923076923184e-02 1.923076923076923184e-02 1.923076923076923184e-02 1.923076923076923184e-02 1.923076923076923184e-02 1.923076923076923184e-02 9.615384615384615918e-02 1.923076923076923184e-02 1.923076923076923184e-02 9.615384615384615918e-02 1.923076923076923184e-02 1.923076923076923184e-02 4.807692307692307820e-01 1.923076923076923184e-02 1.923076923076923184e-02 1.923076923076923184e-02
